0
0.260905
0.507463
0.720717
0.882784
0.978486
0.996979
0.933181
0.78887
0.573237
0.302786
0.000458209
-0.306028
-0.586567
-0.811625
-0.955504
-0.99957
-0.93505
-0.764977
-0.504923
-0.182235
0.166317
0.498412
0.771222
0.947098
0.999163
0.915978
0.704464
0.39041
0.0161653
-0.364471
-0.693701
-0.918584
-0.999991
-0.920129
-0.687167
-0.33578
0.0769584
0.480147
0.80098
0.978148
0.974277
0.784831
0.441291
0.00732979
-0.431988
-0.786451
-0.979448
-0.965382
-0.741698
-0.352251
0.119682
0.568131
0.887926
0.999889
0.871696
0.528735
0.0512251
-0.442993
-0.826823
-0.996917
-0.902783
-0.563599
-0.0669058
0.452122
0.846599
0.999864
0.861508
0.46608
-0.0727787
-0.593066
-0.932473
-0.979856
-0.713696
-0.213801
0.359892
0.816943
0.999748
0.839669
0.385527
-0.207909
-0.730444
-0.990497
-0.886902
-0.451192
0.158048
0.710246
0.989434
0.880313
0.419078
-0.214307
-0.7635
-0.998986
-0.816
-0.284769
0.372077
0.870183
0.986676
0.662687
0.0371036
-0.608761
-0.975816
-0.887052
-0.376813
0.316969
0.860238
0.983399
0.618227
-0.059646
-0.710471
-0.99895
-0.769138
-0.133643
0.575911
0.979062
0.851789
0.255793
-0.485011
-0.956785
-0.887629
-0.309024
0.451243
0.950488
0.889309
0.296048
-0.478589
-0.964348
-0.857497
-0.216107
0.563863
0.98869
0.780719
0.0659313
-0.694825
-0.999357
-0.638188
0.154354
0.844918
0.957851
0.407163
-0.430505
-0.96715
-0.816192
-0.0773587
0.720302
0.992876
0.532073
-0.327434
-0.943335
-0.844578
-0.0980231
0.726857
0.987359
0.471576
-0.420316
-0.978485
-0.748036
0.0926011
0.859804
0.916897
0.207914
-0.67846
-0.990996
-0.45534
0.475313
0.994691
0.64206
-0.28005
-0.95486
-0.772478
0.11102
0.895503
0.856995
0.0224565
-0.83537
-0.907459
-0.117021
0.787616
0.934238
0.17239
-0.760401
-0.94453
-0.189186
0.757717
0.941588
0.167737
-0.779935
-0.924456
-0.107661
0.823863
0.88802
0.00831696
-0.882288
-0.823496
0.129746
0.943184
0.719587
-0.302589
-0.989002
-0.564634
0.499993
0.996746
0.350294
-0.70232
-0.939812
-0.076827
0.87844
0.792677
-0.240561
-0.986354
-0.539142
0.566028
0.978796
0.183711
-0.841089
-0.815697
0.2365
0.990898
0.483359
-0.645105
-0.942641
-0.016166
0.932924
0.656533
-0.489077
-0.985278
-0.162383
0.88059
0.731119
-0.415863
-0.993817
-0.20067
0.872241
0.72821
-0.43923
-0.987432
-0.132609
0.912928
0.646862
-0.555182
-0.949427
0.0553987
0.977432
0.466602
-0.723205
-0.86422
0.239293
0.998837
0.335784
-0.801527
-0.80979
0.31441
0.999965
0.3026
-0.809473
-0.814565
0.286016
0.999076
0.371295
-0.750405
-0.876313
0.151707
0.979594
0.532342
-0.602091
-0.961472
-0.093317
0.891689
0.751497
-0.329296
-0.99856
-0.432446
0.663672
0.94812
0.0828836
-0.880539
-0.788862
0.240003
0.983589
0.572472
-0.504532
-0.995763
-0.34194
0.70074
0.947094
0.126953
-0.833356
-0.86658
0.0554824
0.914792
0.777974
-0.198098
-0.959706
-0.698582
0.299789
0.98148
0.639843
-0.36222
-0.990279
-0.608406
0.387506
0.992171
0.607303
-0.376808
-0.988808
-0.636669
0.329613
0.977364
0.693661
-0.24405
-0.95065
-0.771884
0.118056
0.897536
0.860342
0.0487325
-0.804063
-0.94214
-0.251991
0.655746
0.99396
0.479052
-0.441586
-0.987099
-0.705614
0.159994
0.891363
0.89387
0.173984
-0.682986
-0.994657
-0.522098
0.356426
0.956242
0.820692
0.0617992
-0.741048
-0.987859
-0.502938
0.349003
0.944376
0.857827
0.159781
-0.648606
-0.999995
-0.656632
0.136504
0.833753
0.966468
0.453589
-0.357143
-0.930907
-0.898948
-0.290101
0.500678
0.973205
0.837531
0.185914
-0.576494
-0.987347
-0.805926
-0.148224
0.593483
0.987922
0.813911
0.178702
-0.554035
-0.975671
-0.859142
-0.276033
0.45282
0.937439
0.926661
0.433871
-0.27974
-0.847637
-0.986517
-0.634245
0.0280155
0.673351
0.992114
0.838421
0.29228
-0.386489
-0.884741
-0.980078
-0.636817
-0.0141888
0.611256
0.969985
0.914074
0.474438
-0.159544
-0.724611
-0.993463
-0.864214
-0.395203
0.224734
0.754777
0.995849
0.863381
0.413464
-0.184053
-0.71187
-0.984569
-0.91207
-0.526282
0.0355377
0.581848
0.932812
0.978417
0.710471
0.220177
-0.335242
-0.784185
-0.993485
-0.90616
-0.554314
-0.0452609
0.47296
0.855366
0.999884
0.872873
0.514493
0.024086
-0.468795
-0.839099
-0.997425
-0.910104
-0.604232
-0.157722
0.321886
0.723933
0.959982
0.98214
0.791155
0.433331
-0.0119839
-0.45096
-0.795227
-0.979226
-0.971646
-0.779282
-0.443284
-0.0293092
0.386025
0.729514
0.944013
0.997078
0.884764
0.630327
0.278543
-0.112866
-0.483086
-0.777658
-0.956087
-0.996749
-0.898506
-0.679353
-0.372541
-0.0209229
0.329319
0.634819
0.860183
0.981696
0.989127
0.885834
0.687246
0.418172
0.109269
-0.206642
-0.498145
-0.738225
-0.906576
-0.990854
-0.987118
-0.899399
-0.738613
-0.520932
-0.26595
